
 PRINT ELEMENT TABLE ITEMS PER ELEMENT
 
  ***** POST1 ELEMENT TABLE LISTING *****                                      
 
    STAT     CURRENT 
    ELEM     SMIS1   
      10   59.081     
      11  0.36393     
      12   0.0000     
      13  -119.75     
      14 -0.30591     
      15   59.081     
      16  -81.694     
      17   81.694     
      18   0.0000     
      19 -0.30591     
      20   0.0000     
      21   117.29     
      22  0.60379     
      23 -0.60379     
      24   0.0000     
      25  0.84811     
      26 -0.30591     
      27 -0.30591     
      28  0.43263     
      29   0.0000     
      30  -58.274     
      31  0.53100     
      32 -0.53100     
      33  0.36393     
      34  -58.274     
      35  -55.210     
      36 -0.51467     
      37   0.0000     
      38   80.556     
      39  -80.556     
      40   177.64     
      41 -0.30591     
      42  -119.75     
      43  -236.90     
      44  0.19746     
      45   177.64     
      46  -80.801     
      47   80.801     
      48   0.0000     
      49  0.19746     
      50   0.0000     
 
  ***** POST1 ELEMENT TABLE LISTING *****                                      
 
    STAT     CURRENT 
    ELEM     SMIS1   
      51   236.33     
      52 -0.28891     
      53  0.28891     
      54 -0.30591     
      55   117.29     
      56  0.19746     
      57  0.19746     
      58 -0.27926     
      59   0.0000     
      60  -176.12     
      61 -0.36170     
      62  0.36170     
      63 -0.30591     
      64  -176.12     
      65 -0.30591     
      66  0.43263     
      67   0.0000     
      68   81.448     
      69  -81.448     
      70   295.74     
      71  0.19746     
      72  -236.90     
      73  -355.73     
      74 -0.48235     
      75   295.74     
      76  -81.377     
      77   81.377     
      78   0.0000     
      79 -0.48235     
      80 -0.10753E-015
      81   353.70     
      82  0.28732     
      83 -0.28732     
      84  0.19746     
      85   236.33     
      86 -0.48235     
      87 -0.48235     
      88  0.68214     
      89   0.0000     
      90  -294.43     
      91  0.21453     
 
  ***** POST1 ELEMENT TABLE LISTING *****                                      
 
    STAT     CURRENT 
    ELEM     SMIS1   
      92 -0.21453     
      93  0.19746     
      94  -294.43     
      95  0.19746     
      96 -0.27926     
      97   0.0000     
      98   80.872     
      99  -80.872     
     100   412.62     
     101 -0.48235     
     102  -355.73     
     103  -470.46     
     104  -54.808     
     105   412.62     
     106  -79.970     
     107   79.970     
     108   0.0000     
     109  0.79207     
     110   0.0000     
     111   475.16     
     112  -1.1202     
     113   1.1202     
     114 -0.48235     
     115   353.70     
     116  0.79207     
     117  0.79207     
     118  -1.1202     
     119   0.0000     
     120  -413.95     
     121  -1.1930     
     122   1.1930     
     123 -0.48235     
     124  -413.95     
     125 -0.48235     
     126  0.68214     
     127   0.0000     
     128   82.280     
     129  -82.280     
     130   412.67     
     131  -54.808     
     132  -470.46     
 
  ***** POST1 ELEMENT TABLE LISTING *****                                      
 
    STAT     CURRENT 
    ELEM     SMIS1   
     133  -355.63     
     134 -0.48258     
     135   412.67     
     136   79.968     
     137  -79.968     
     138  0.35237E-011
     139 -0.48258     
     140 -0.17205E-014
     141   353.59     
     142   1.1911     
     143  -1.1911     
     144  0.79207     
     145   475.16     
     146 -0.48258     
     147 -0.48258     
     148  0.68247     
     149   0.0000     
     150  -414.00     
     151   1.1183     
     152  -1.1183     
     153  0.79207     
     154  -414.00     
     155  0.79207     
     156  -1.1202     
     157 -0.35237E-011
     158  -82.281     
     159   82.281     
     160   295.89     
     161 -0.48258     
     162  -355.63     
     163  -236.69     
     164  0.20250     
     165   295.89     
     166   81.377     
     167  -81.377     
     168  0.35237E-011
     169  0.20250     
     170  0.43013E-015
     171   236.12     
     172 -0.21711     
     173  0.21711     
 
  ***** POST1 ELEMENT TABLE LISTING *****                                      
 
    STAT     CURRENT 
    ELEM     SMIS1   
     174 -0.48258     
     175   353.59     
     176  0.20250     
     177  0.20250     
     178 -0.28637     
     179   0.0000     
     180  -294.59     
     181 -0.28991     
     182  0.28991     
     183 -0.48258     
     184  -294.59     
     185 -0.48258     
     186  0.68247     
     187   0.0000     
     188  -80.873     
     189   80.873     
     190   177.92     
     191  0.20250     
     192  -236.69     
     193  -119.47     
     194 -0.26485     
     195   177.92     
     196   80.786     
     197  -80.786     
     198  0.17618E-011
     199 -0.26485     
     200   0.0000     
     201   116.94     
     202  0.37380     
     203 -0.37380     
     204  0.20250     
     205   236.12     
     206 -0.26485     
     207 -0.26485     
     208  0.37456     
     209   0.0000     
     210  -176.37     
     211  0.30101     
     212 -0.30101     
     213  0.20250     
     214  -176.37     
 
  ***** POST1 ELEMENT TABLE LISTING *****                                      
 
    STAT     CURRENT 
    ELEM     SMIS1   
     215  0.20250     
     216 -0.28637     
     217   0.0000     
     218  -81.464     
     219   81.464     
     220   59.682     
     221 -0.26485     
     222  -119.47     
     223   0.0000     
     224  0.32341     
     225   59.682     
     226   81.559     
     227  -81.559     
     228  0.88091E-012
     229   0.0000     
     230  0.86027E-015
     231  0.88091E-012
     232 -0.39909     
     233  0.39909     
     234 -0.26485     
     235   116.94     
     236  -55.303     
     237  0.32341     
     238 -0.45737     
     239   0.0000     
     240  -58.415     
     241 -0.47188     
     242  0.47188     
     243 -0.26485     
     244  -58.415     
     245 -0.26485     
     246  0.37456     
     247   0.0000     
     248  -80.691     
     249   80.691     

 MINIMUM VALUES
 ELEM        103
 VALUE   -470.46     

 MAXIMUM VALUES
 ELEM        111
 VALUE    475.16     

